image: /home/jon-76/tbot_ws_abhi/src/tbotnav/config/maps/d110_02.pgm
resolution: 0.050000
origin: [-12.200000, -12.200000, 0.000000]
negate: 0
occupied_thresh: 0.65
free_thresh: 0.196

